10_gmic_samples
gmic fromRawCon_off8bit.tif -fx_customize_clut 100,3,10,0,0,0,0,0,0,1,8,0.5,2,79,41,15,81,45,28,2,229,37,118,243,87,125,2,187,18,134,175,58,119,2,51,51,21,52,49,33,2,49,173,220,39,169,206,2,235,77,185,252,126,203,2,234,238,5,249,247,5,2,217,0,33,211,42,45,2,61,201,50,59,195,72,2,46,30,169,36,63,178,0,0,0,0,0,0,0,0,0,0,0,0,0,0,0,0,0,0,0,0,0,0,0,0,0,0,0,0,0,0,0,0,0,0,0,0,0,0,0,0,0,0,0,0,0,0,0,0,0,0,0,0,0,0,0,0,0,0,0,0,0,0,0,0,0,0,0,0,0,0,0,0,0,0,0,0,0,0,0,0,0,0,0,0,0,0,0,0,0,0,0,0,0,0,0,0,0,0 -o color_graded.png

full_96
gmic fromRawCon_off8bit.tif -fx_customize_clut 100,3,10,0,0,0,0,0,0,1,8,0.5,2,58,51,17,53,40,25,2,81,224,145,102,206,145,2,0,209,135,22,191,130,2,0,66,38,17,58,35,2,0,224,175,89,206,173,2,130,224,84,140,209,84,2,0,209,0,43,198,53,2,0,234,58,84,221,91,2,239,193,5,242,183,45,2,183,219,0,188,204,28,2,168,242,0,191,239,5,2,96,48,5,84,38,22,2,0,211,216,96,204,209,2,0,193,193,30,183,181,2,244,201,181,249,193,168,2,255,219,188,255,211,173,2,239,206,181,244,196,165,2,239,206,183,244,196,170,2,242,206,181,247,196,165,2,173,109,7,160,91,43,2,249,204,158,255,196,142,2,53,51,48,51,48,48,2,221,209,0,219,191,22,2,201,237,0,211,232,5,2,0,68,71,12,68,66,2,170,193,239,160,196,239,2,252,186,112,255,178,104,2,255,229,201,255,224,186,2,237,204,155,242,193,140,2,201,140,66,193,124,76,2,242,214,193,247,204,178,2,219,132,0,209,114,35,2,249,193,150,255,186,137,2,155,153,150,145,142,140,2,214,232,0,219,226,5,2,252,239,0,255,239,2,2,107,201,229,117,201,226,2,0,58,109,7,71,107,2,237,249,214,239,244,196,2,20,20,22,22,22,22,2,91,89,89,86,86,86,2,135,135,132,127,127,124,2,201,201,201,188,188,188,2,234,234,232,226,226,224,2,249,249,249,247,247,247,2,226,224,224,216,216,214,2,255,175,0,255,158,5,2,255,237,0,255,234,5,2,94,155,229,81,175,234,2,137,196,237,137,198,234,2,255,244,239,252,239,234,2,255,255,255,252,252,252,2,239,239,239,234,234,232,2,216,216,214,204,204,201,2,173,173,170,160,160,158,2,109,109,107,102,104,102,2,35,35,35,35,35,35,2,229,247,249,224,242,247,2,255,183,170,255,178,163,2,255,91,25,255,86,63,2,173,0,183,173,68,193,2,5,30,153,15,66,145,2,224,249,244,219,242,242,2,68,0,178,38,61,183,2,0,211,43,71,196,71,2,244,0,0,224,40,45,2,252,244,0,255,244,5,2,252,61,160,255,124,206,2,0,160,211,43,170,209,2,249,244,249,244,242,247,2,252,175,188,255,175,191,2,249,0,40,242,58,76,2,239,178,229,237,183,232,2,147,94,211,147,130,221,2,255,242,244,252,242,242,2,255,183,0,255,168,7,2,96,73,209,89,117,221,2,252,96,104,255,109,114,2,109,0,122,86,35,114,2,181,239,0,201,234,35,2,255,216,0,255,206,2,2,239,255,244,237,249,242,2,255,30,0,247,58,48,2,114,0,56,96,22,48,2,206,0,112,191,56,124,2,94,20,104,76,45,96,2,242,244,249,237,242,247,2,168,89,30,153,76,48,2,244,204,175,249,193,160,2,124,150,209,114,158,206,2,94,150,10,89,132,40,2,175,158,221,170,165,224,2,137,234,219,150,221,214,2,255,244,229,255,242,219,2,142,0,33,119,20,35,2,249,0,89,249,79,127 -o color_graded.png

full_96_swapped
gmic fromRawCon_off8bit.tif -fx_customize_clut 100,3,10,0,0,0,0,0,0,1,8,0.5,2,173,0,183,173,68,193,2,5,30,153,15,66,145,2,224,249,244,219,242,242,2,68,0,178,38,61,183,2,0,211,43,71,196,71,2,244,0,0,224,40,45,2,252,244,0,255,244,5,2,252,61,160,255,124,206,2,0,160,211,43,170,209,2,249,244,249,244,242,247,2,252,175,188,255,175,191,2,249,0,40,242,58,76,2,239,178,229,237,183,232,2,147,94,211,147,130,221,2,255,242,244,252,242,242,2,255,183,0,255,168,7,2,96,73,209,89,117,221,2,252,96,104,255,109,114,2,109,0,122,86,35,114,2,181,239,0,201,234,35,2,255,216,0,255,206,2,2,239,255,244,237,249,242,2,255,30,0,247,58,48,2,114,0,56,96,22,48,2,206,0,112,191,56,124,2,94,20,104,76,45,96,2,242,244,249,237,242,247,2,168,89,30,153,76,48,2,244,204,175,249,193,160,2,124,150,209,114,158,206,2,94,150,10,89,132,40,2,175,158,221,170,165,224,2,137,234,219,150,221,214,2,255,244,229,255,242,219,2,142,0,33,119,20,35,2,249,0,89,249,79,127,2,58,51,17,53,40,25,2,81,224,145,102,206,145,2,0,209,135,22,191,130,2,0,66,38,17,58,35,2,0,224,175,89,206,173,2,130,224,84,140,209,84,2,0,209,0,43,198,53,2,0,234,58,84,221,91,2,239,193,5,242,183,45,2,183,219,0,188,204,28,2,168,242,0,191,239,5,2,96,48,5,84,38,22,2,0,211,216,96,204,209,2,0,193,193,30,183,181,2,244,201,181,249,193,168,2,255,219,188,255,211,173,2,239,206,181,244,196,165,2,239,206,183,244,196,170,2,242,206,181,247,196,165,2,173,109,7,160,91,43,2,249,204,158,255,196,142,2,53,51,48,51,48,48,2,221,209,0,219,191,22,2,201,237,0,211,232,5,2,0,68,71,12,68,66,2,170,193,239,160,196,239,2,252,186,112,255,178,104,2,255,229,201,255,224,186,2,237,204,155,242,193,140,2,201,140,66,193,124,76,2,242,214,193,247,204,178,2,219,132,0,209,114,35,2,249,193,150,255,186,137,2,155,153,150,145,142,140,2,214,232,0,219,226,5,2,252,239,0,255,239,2,2,107,201,229,117,201,226,2,0,58,109,7,71,107,2,237,249,214,239,244,196,2,20,20,22,22,22,22,2,91,89,89,86,86,86,2,135,135,132,127,127,124,2,201,201,201,188,188,188,2,234,234,232,226,226,224,2,249,249,249,247,247,247,2,226,224,224,216,216,214,2,255,175,0,255,158,5,2,255,237,0,255,234,5,2,94,155,229,81,175,234,2,137,196,237,137,198,234,2,255,244,239,252,239,234,2,255,255,255,252,252,252,2,239,239,239,234,234,232,2,216,216,214,204,204,201,2,173,173,170,160,160,158,2,109,109,107,102,104,102,2,35,35,35,35,35,35,2,229,247,249,224,242,247,2,255,183,170,255,178,163,2,255,91,25,255,86,63 -o color_graded_swapped.png

full_96_decompress_clut_pde 
gmic fromRawCon_off8bit.tif -decompress_clut_pde 100,3,10,0,0,0,0,0,0,1,8,0.5,2,58,51,17,53,40,25,2,81,224,145,102,206,145,2,0,209,135,22,191,130,2,0,66,38,17,58,35,2,0,224,175,89,206,173,2,130,224,84,140,209,84,2,0,209,0,43,198,53,2,0,234,58,84,221,91,2,239,193,5,242,183,45,2,183,219,0,188,204,28,2,168,242,0,191,239,5,2,96,48,5,84,38,22,2,0,211,216,96,204,209,2,0,193,193,30,183,181,2,244,201,181,249,193,168,2,255,219,188,255,211,173,2,239,206,181,244,196,165,2,239,206,183,244,196,170,2,242,206,181,247,196,165,2,173,109,7,160,91,43,2,249,204,158,255,196,142,2,53,51,48,51,48,48,2,221,209,0,219,191,22,2,201,237,0,211,232,5,2,0,68,71,12,68,66,2,170,193,239,160,196,239,2,252,186,112,255,178,104,2,255,229,201,255,224,186,2,237,204,155,242,193,140,2,201,140,66,193,124,76,2,242,214,193,247,204,178,2,219,132,0,209,114,35,2,249,193,150,255,186,137,2,155,153,150,145,142,140,2,214,232,0,219,226,5,2,252,239,0,255,239,2,2,107,201,229,117,201,226,2,0,58,109,7,71,107,2,237,249,214,239,244,196,2,20,20,22,22,22,22,2,91,89,89,86,86,86,2,135,135,132,127,127,124,2,201,201,201,188,188,188,2,234,234,232,226,226,224,2,249,249,249,247,247,247,2,226,224,224,216,216,214,2,255,175,0,255,158,5,2,255,237,0,255,234,5,2,94,155,229,81,175,234,2,137,196,237,137,198,234,2,255,244,239,252,239,234,2,255,255,255,252,252,252,2,239,239,239,234,234,232,2,216,216,214,204,204,201,2,173,173,170,160,160,158,2,109,109,107,102,104,102,2,35,35,35,35,35,35,2,229,247,249,224,242,247,2,255,183,170,255,178,163,2,255,91,25,255,86,63,2,173,0,183,173,68,193,2,5,30,153,15,66,145,2,224,249,244,219,242,242,2,68,0,178,38,61,183,2,0,211,43,71,196,71,2,244,0,0,224,40,45,2,252,244,0,255,244,5,2,252,61,160,255,124,206,2,0,160,211,43,170,209,2,249,244,249,244,242,247,2,252,175,188,255,175,191,2,249,0,40,242,58,76,2,239,178,229,237,183,232,2,147,94,211,147,130,221,2,255,242,244,252,242,242,2,255,183,0,255,168,7,2,96,73,209,89,117,221,2,252,96,104,255,109,114,2,109,0,122,86,35,114,2,181,239,0,201,234,35,2,255,216,0,255,206,2,2,239,255,244,237,249,242,2,255,30,0,247,58,48,2,114,0,56,96,22,48,2,206,0,112,191,56,124,2,94,20,104,76,45,96,2,242,244,249,237,242,247,2,168,89,30,153,76,48,2,244,204,175,249,193,160,2,124,150,209,114,158,206,2,94,150,10,89,132,40,2,175,158,221,170,165,224,2,137,234,219,150,221,214,2,255,244,229,255,242,219,2,142,0,33,119,20,35,2,249,0,89,249,79,127 -o color_graded_decompress_clut_pde.png


